Version 0.9.7
15
 4 48 441 77 128 0 1
 5 405 -4 206 81 2 2
 0 38 126 877 276 8 3
 3 717 12 203 58 140 5
 0 281 424 877 276 149 7
 0 962 142 877 276 281 8
 0 184 763 877 276 413 10
 1 168 1120 206 81 545 11
 3 1076 921 203 58 555 12
 0 1159 425 877 276 564 13
 6 1343 1057 449 130 696 15
 0 108 1220 877 276 729 16
 0 991 1220 877 276 861 17
 6 820 1077 449 130 993 18
 0 -733 566 877 276 1026 19
 1
523
 255 5 109 455 109 455 91 455 91 455 91 140 91 140 0 1 0 3
 0 5 91 153 91 153 91 515 91 515 109 515 109 515 0 3 0 1
 0 5 117 153 117 153 112 153 112 387 117 387 117 387 0 3 0 3
 255 5 104 374 104 374 98 374 98 140 104 140 104 140 0 3 0 3
 0 5 728 49 728 49 728 153 728 153 663 153 663 153 0 5 0 3
 255 5 130 140 130 140 130 140 130 192 130 192 130 192 0 3 0 3
 255 5 420 7 420 17 390 17 390 140 455 140 455 140 0 2 0 3
 255 5 221 192 221 192 221 192 221 140 221 140 221 140 0 3 0 3
 255 5 312 192 312 192 312 192 312 140 312 140 312 140 0 3 0 3
 255 5 403 192 403 192 403 192 403 140 403 140 403 140 0 3 0 3
 255 5 494 192 494 192 494 192 494 140 494 140 494 140 0 3 0 3
 255 5 334 490 334 490 334 490 334 438 334 438 334 438 0 7 0 7
 255 5 425 490 425 490 425 490 425 438 425 438 425 438 0 7 0 7
 255 5 516 490 516 490 516 490 516 438 516 438 516 438 0 7 0 7
 255 5 607 490 607 490 607 490 607 438 607 438 607 438 0 7 0 7
 255 5 858 374 858 374 858 438 858 438 815 438 815 438 0 3 0 7
 65793 5 420 65 420 65 455 65 455 65 455 153 455 153 0 2 0 3
 65793 5 412 633 412 633 412 633 412 685 412 685 412 685 0 7 0 7
 65793 5 503 633 503 633 503 633 503 685 503 685 503 685 0 7 0 7
 65793 5 594 633 594 633 594 633 594 685 594 685 594 685 0 7 0 7
 65793 5 685 633 685 633 685 633 685 685 685 685 685 685 0 7 0 7
 65793 5 845 387 845 387 901 387 901 451 815 451 815 451 0 3 0 7
 65793 5 802 451 802 451 795 451 795 685 802 685 802 685 0 7 0 7
 255 5 789 438 789 438 781 438 781 672 789 672 789 672 0 7 0 7
 255 5 741 335 741 335 741 335 741 374 741 374 741 374 0 3 0 3
 255 5 637 335 637 335 637 335 637 374 637 374 637 374 0 3 0 3
 255 5 845 335 845 335 845 335 845 374 845 374 845 374 0 3 0 3
 0 5 624 192 624 192 624 192 624 153 624 153 624 153 0 3 0 3
 0 5 728 192 728 192 728 192 728 153 728 153 728 153 0 3 0 3
 0 5 832 192 832 192 832 192 832 153 832 153 832 153 0 3 0 3
 16776960 5 234 335 234 335 234 327 143 327 143 322 143 322 0 3 0 3
 16776960 5 260 322 254 322 254 288 143 288 143 231 143 231 0 3 0 3
 0 5 572 335 572 335 572 335 572 387 572 387 572 387 0 3 0 3
 0 5 481 335 481 335 481 335 481 387 481 387 481 387 0 3 0 3
 0 5 390 335 390 335 390 335 390 387 390 387 390 387 0 3 0 3
 0 5 299 335 299 335 299 335 299 387 299 387 299 387 0 3 0 3
 16776960 5 221 322 221 322 221 316 156 316 156 322 156 322 0 3 0 3
 16776960 5 130 296 130 296 130 282 273 282 273 296 273 296 0 3 0 3
 16776960 5 286 309 286 309 286 302 169 302 169 309 169 309 0 3 0 3
 0 5 208 335 208 335 208 335 208 387 208 387 208 387 0 3 0 3
 16776960 5 260 335 260 335 260 344 182 344 182 335 182 335 0 3 0 3
 33023 5 247 231 247 231 247 224 325 224 325 231 325 231 0 3 0 3
 33023 5 351 231 351 231 351 224 416 224 416 231 416 231 0 3 0 3
 33023 5 234 218 234 218 234 212 429 212 429 218 429 218 0 3 0 3
 33023 5 442 218 442 218 442 224 455 224 455 218 455 218 0 3 0 3
 33023 5 364 231 364 231 364 237 442 237 442 231 442 231 0 3 0 3
 33023 5 273 192 273 192 273 185 377 185 377 192 377 192 0 3 0 3
 33023 5 260 192 260 192 260 180 468 180 468 192 468 192 0 3 0 3
 33023 5 650 335 650 335 650 340 585 340 585 335 585 335 0 3 0 3
 33023 5 650 322 650 322 650 328 689 328 689 335 689 335 0 3 0 3
 33023 5 689 322 689 322 689 316 754 316 754 322 754 322 0 3 0 3
 33023 5 754 335 754 335 754 342 793 342 793 335 793 335 0 3 0 3
 33023 5 481 231 481 231 481 239 832 239 832 296 832 296 0 3 0 3
 33023 5 390 205 390 205 390 195 793 195 793 205 793 205 0 3 0 3
 255 5 806 335 806 335 806 335 806 374 806 374 806 374 0 3 0 3
 255 5 819 335 819 335 819 335 819 374 819 374 819 374 0 3 0 3
 255 5 702 335 702 335 702 335 702 374 702 374 702 374 0 3 0 3
 255 5 715 374 715 374 715 374 715 335 715 335 715 335 0 3 0 3
 255 5 702 296 702 296 702 284 780 284 780 296 780 296 0 3 0 3
 255 5 767 296 767 296 767 289 715 289 715 296 715 296 0 3 0 3
 255 5 598 296 598 296 598 284 676 284 676 296 676 296 0 3 0 3
 255 5 611 296 611 296 611 288 663 288 663 296 663 296 0 3 0 3
 255 5 598 335 598 335 598 335 598 374 598 374 598 374 0 3 0 3
 255 5 611 374 611 374 611 374 611 335 611 335 611 335 0 3 0 3
 65280 5 351 218 345 218 345 285 312 285 312 296 312 296 0 3 0 3
 65280 5 819 231 819 231 819 279 325 279 325 296 325 296 0 3 0 3
 65280 5 806 218 810 218 810 274 351 274 351 296 351 296 0 3 0 3
 65280 5 429 231 429 231 429 287 364 287 364 296 364 296 0 3 0 3
 65280 5 338 309 338 309 338 303 403 303 403 309 403 309 0 3 0 3
 65280 5 377 309 377 309 377 316 416 316 416 309 416 309 0 3 0 3
 65280 5 429 309 429 309 429 301 442 301 442 309 442 309 0 3 0 3
 65280 5 429 335 429 335 347 335 347 335 347 490 347 490 0 3 0 7
 65280 5 273 231 273 231 273 280 321 280 321 542 321 542 0 3 0 7
 65280 5 260 218 260 218 308 218 308 218 308 542 308 542 0 3 0 7
 65280 5 321 529 321 529 321 521 360 521 360 529 360 529 0 7 0 7
 65280 5 468 231 468 231 451 231 451 309 455 309 455 309 0 3 0 3
 65280 5 373 490 373 490 830 490 830 231 780 231 780 231 0 7 0 3
 65280 5 468 335 468 335 468 345 736 345 736 231 741 231 0 3 0 3
 16744576 5 533 309 533 309 533 243 754 243 754 231 754 231 0 3 0 3
 16744576 5 767 231 767 231 767 249 494 249 494 309 494 309 0 3 0 3
 16744576 5 338 322 338 322 338 328 507 328 507 322 507 322 0 3 0 3
 16744576 5 377 335 377 335 377 350 546 350 546 335 546 335 0 3 0 3
 16744576 5 520 322 520 322 567 322 567 502 438 502 438 490 0 3 0 7
 16744576 5 559 322 559 322 617 322 617 490 451 490 451 490 0 3 0 7
 16744576 5 464 490 464 490 464 496 477 496 477 490 477 490 0 7 0 7
 16744576 5 464 503 464 503 464 496 386 496 386 503 386 503 0 7 0 7
 16744576 5 321 516 321 516 321 509 399 509 399 516 399 516 0 7 0 7
 16744576 5 308 529 308 529 308 535 490 535 490 529 490 529 0 7 0 7
 16744576 5 503 490 503 490 503 502 728 502 728 335 728 335 0 7 0 3
 16744576 5 412 490 412 490 735 490 735 231 689 231 689 231 0 7 0 3
 65535 5 715 231 774 231 774 666 334 666 334 633 334 633 0 3 0 7
 65535 5 702 231 761 231 761 672 373 672 373 633 373 633 0 3 0 7
 65535 5 438 529 438 529 438 581 347 581 347 594 347 594 0 7 0 7
 65535 5 451 529 451 529 451 586 386 586 386 594 386 594 0 7 0 7
 65535 5 360 607 360 607 360 600 425 600 425 607 425 607 0 7 0 7
 65535 5 451 607 451 607 451 600 464 600 464 607 464 607 0 7 0 7
 65535 5 399 607 399 607 399 615 438 615 438 607 438 607 0 7 0 7
 65535 5 451 620 451 620 451 627 516 627 516 620 516 620 0 7 0 7
 65535 5 490 516 490 516 472 516 472 607 477 607 477 607 0 7 0 7
 65535 5 529 594 529 594 529 540 399 540 399 529 399 529 0 7 0 7
 65535 5 490 594 490 594 723 594 723 231 676 231 676 231 0 7 0 3
 65535 5 542 594 542 594 685 594 685 231 637 231 637 231 0 7 0 3
 15650065 5 663 231 663 231 696 231 696 523 529 523 529 490 0 3 0 7
 15650065 5 568 490 568 490 709 490 709 231 650 231 650 231 0 7 0 3
 15650065 5 360 633 360 633 360 652 536 652 536 529 542 529 0 7 0 7
 15650065 5 399 620 399 620 399 657 586 657 586 529 581 529 0 7 0 7
 15650065 5 555 529 555 529 555 538 620 538 620 529 620 529 0 7 0 7
 15650065 5 594 516 594 516 594 522 633 522 633 516 633 516 0 7 0 7
 15650065 5 646 516 641 516 641 575 555 575 555 594 555 594 0 7 0 7
 15650065 5 646 529 646 529 646 536 659 536 659 529 659 529 0 7 0 7
 15650065 5 490 503 490 503 490 509 672 509 672 503 672 503 0 7 0 7
 15650065 5 529 607 529 607 529 612 568 612 568 607 568 607 0 7 0 7
 15650065 5 685 490 685 488 671 488 671 335 624 335 624 335 0 7 0 3
 15650065 5 581 594 581 594 585 594 585 594 585 231 585 231 0 7 0 3
 33023 5 650 296 650 296 713 296 713 170 540 170 540 33 0 3 0 2
 0 5 958 633 958 633 958 633 958 685 958 685 958 685 0 7 0 7
 0 5 867 633 867 633 867 633 867 685 867 685 867 685 0 7 0 7
 0 5 776 633 776 633 775 633 775 635 776 685 776 685 0 7 0 7
 16711680 5 806 205 806 199 866 199 866 594 750 594 750 594 0 3 0 7
 16711680 5 763 594 763 594 763 585 789 585 789 594 789 594 0 7 0 7
 16711680 5 754 205 754 198 818 198 818 594 724 594 724 594 0 3 0 7
 16711680 5 737 594 737 594 737 600 802 600 802 594 802 594 0 7 0 7
 16711680 5 702 205 702 252 801 252 801 594 698 594 698 594 0 3 0 7
 16711680 5 711 607 711 607 711 613 815 613 815 607 815 607 0 7 0 7
 16711680 5 737 490 737 490 841 490 841 201 650 201 650 205 0 7 0 3
 255 5 698 490 698 490 698 490 698 438 698 438 698 438 0 7 0 7
 255 5 789 490 789 490 789 443 802 443 802 438 802 438 0 7 0 7
 255 5 880 490 880 490 880 490 880 438 880 438 880 438 0 7 0 7
 16711680 5 711 490 711 490 825 490 825 202 598 202 598 205 0 7 0 3
 16711680 5 724 503 724 503 724 509 815 509 815 503 815 503 0 7 0 7
 16711680 5 750 490 750 490 750 497 828 497 828 490 828 490 0 7 0 7
 255 5 854 633 854 633 854 633 854 672 854 672 854 672 0 7 0 7
 255 5 828 633 828 633 828 633 828 672 828 672 828 672 0 7 0 7
 255 5 841 672 841 672 841 672 841 633 841 633 841 633 0 7 0 7
 16711680 5 737 633 737 633 737 640 880 640 880 633 880 633 0 7 0 7
 16711680 5 750 633 750 633 750 645 893 645 893 633 893 633 0 7 0 7
 16711680 5 906 633 906 633 906 650 699 650 699 633 698 633 0 7 0 7
 16711680 5 906 529 906 529 906 535 737 535 737 529 737 529 0 7 0 7
 16711680 5 711 529 711 529 711 540 919 540 919 529 919 529 0 7 0 7
 255 5 945 633 945 633 945 633 945 672 945 672 945 672 0 7 0 7
 255 5 932 672 932 672 932 672 932 633 932 633 932 633 0 7 0 7
 255 5 919 633 919 633 919 633 919 672 919 672 919 672 0 7 0 7
 16711680 5 867 490 943 490 943 451 507 451 507 231 507 231 0 7 0 3
 16711680 5 958 490 958 490 958 204 606 204 606 231 546 231 0 7 0 3
 33023 5 559 231 565 231 565 170 156 170 156 231 156 231 0 3 0 3
 33023 5 195 322 195 322 195 352 528 352 528 231 520 231 0 3 0 3
 33023 5 533 218 533 218 533 208 338 208 338 231 338 231 0 3 0 3
 16711935 5 806 192 806 192 851 192 851 56 843 56 843 56 0 3 0 5
 16711935 5 754 192 754 177 815 177 815 56 823 56 823 56 0 3 0 5
 16711935 5 702 192 702 192 702 166 803 166 803 56 803 56 0 3 0 5
 16711935 5 650 192 650 192 650 156 783 156 783 56 783 56 0 3 0 5
 16711935 5 598 192 598 192 598 151 763 151 763 56 763 56 0 3 0 5
 33023 5 234 205 234 205 234 176 572 176 572 205 572 205 0 3 0 3
 16711935 5 776 529 767 529 767 672 321 672 321 633 321 633 0 7 0 7
 16711935 5 867 516 867 516 867 524 763 524 763 516 763 516 0 7 0 7
 16711935 5 321 620 410 620 410 736 952 736 952 56 903 56 0 7 0 5
 255 5 858 140 858 140 1015 140 1015 140 1015 156 1015 156 0 3 0 8
 255 5 832 374 832 374 1015 374 1015 374 1015 390 1015 390 0 3 0 8
 0 5 858 153 858 153 858 201 1015 201 1015 169 1015 169 0 3 0 8
 0 5 832 387 832 387 832 437 1015 437 1015 403 1015 403 0 3 0 8
 0 5 1132 351 1132 351 1132 351 1132 403 1132 403 1132 403 0 8 0 8
 255 5 1054 208 1054 208 1054 208 1054 156 1054 156 1054 156 0 8 0 8
 255 5 1145 208 1145 208 1145 208 1145 156 1145 156 1145 156 0 8 0 8
 255 5 971 490 971 490 971 490 971 438 971 438 971 438 0 7 0 7
 0 5 1049 633 1049 633 1049 633 1049 685 1049 685 1049 685 0 7 0 7
 0 5 1223 403 1223 403 1223 403 1223 351 1223 351 1223 351 0 8 0 8
 16776960 5 737 516 737 516 737 546 983 546 983 516 984 516 0 7 0 7
 16776960 5 698 620 692 620 692 665 992 665 992 529 997 529 0 7 0 7
 16776960 5 1049 490 1049 490 1049 499 1145 499 1145 351 1145 351 0 7 0 8
 255 5 1236 208 1236 208 1236 208 1236 156 1236 156 1236 156 0 8 0 8
 0 5 1314 351 1314 351 1314 351 1314 403 1314 403 1314 403 0 8 0 8
 16776960 5 763 620 763 620 763 660 1016 660 1016 529 1023 529 0 7 0 7
 16776960 5 984 503 984 503 979 503 979 594 984 594 984 594 0 7 0 7
 16776960 5 997 516 997 516 1004 516 1004 594 997 594 997 594 0 7 0 7
 16776960 5 1023 516 1023 516 1012 516 1012 594 1023 594 1023 594 0 7 0 7
 16776960 5 750 620 744 620 744 572 971 572 971 620 971 620 0 7 0 7
 16776960 5 1158 351 1177 351 1177 726 607 726 607 607 607 607 0 8 0 7
 16776960 5 1288 351 1288 351 1288 720 716 720 716 633 620 633 0 8 0 7
 16776960 5 1054 351 1054 351 1054 732 633 732 633 633 633 633 0 8 0 7
 16776960 5 1036 594 1124 594 1124 386 1067 386 1067 351 1067 351 0 7 0 8
 16776960 5 867 503 867 503 1045 503 1045 247 1067 247 1067 247 0 7 0 8
 16776960 5 1080 247 1080 247 1080 255 1243 255 1243 338 1249 338 0 8 0 8
 33023 5 540 20 659 20 659 162 1277 162 1277 338 1262 338 0 2 0 8
 16711935 5 620 620 614 620 614 664 301 664 301 620 308 620 0 7 0 7
 255 5 958 516 958 516 958 490 1182 490 1182 351 1197 351 0 7 0 8
 255 5 1210 312 1210 312 1210 157 863 157 863 56 863 56 0 8 0 5
 255 5 347 438 347 438 347 525 237 525 237 777 237 777 0 7 0 10
 0 5 334 685 334 685 209 685 209 1024 237 1024 237 1024 0 7 0 10
 0 5 289 1024 289 1024 289 1024 289 972 289 972 289 972 0 10 0 10
 0 5 393 972 393 972 393 972 393 1024 393 1024 393 1024 0 10 0 10
 0 5 497 972 497 972 497 972 497 1024 497 1024 497 1024 0 10 0 10
 0 5 601 972 601 972 601 972 601 1024 601 1024 601 1024 0 10 0 10
 0 5 705 972 705 972 705 972 705 1024 705 1024 705 1024 0 10 0 10
 0 5 913 972 913 972 913 972 913 1024 913 1024 913 1024 0 10 0 10
 0 5 809 1024 809 1024 809 1024 809 972 809 972 809 972 0 10 0 10
 255 5 211 829 211 829 211 777 211 777 250 777 250 777 0 10 0 10
 255 5 315 777 315 777 315 777 315 829 315 829 315 829 0 10 0 10
 255 5 419 829 419 829 419 829 419 777 419 777 419 777 0 10 0 10
 255 5 523 777 523 777 523 777 523 829 523 829 523 829 0 10 0 10
 255 5 627 829 627 829 627 829 627 777 627 777 627 777 0 10 0 10
 255 5 731 829 731 829 731 829 731 777 731 777 731 777 0 10 0 10
 255 5 835 829 835 829 835 829 835 777 835 777 835 777 0 10 0 10
 255 5 263 777 263 777 183 777 183 777 183 1131 183 1131 0 10 0 11
 0 5 250 1024 250 1024 64 1024 64 1189 183 1189 183 1189 0 10 0 11
 65535 5 224 1131 224 1131 224 972 224 972 211 972 211 972 0 11 0 10
 33023 5 243 1131 243 1131 243 972 243 972 237 972 237 972 0 11 0 10
 65535 5 211 933 211 933 211 915 367 915 367 933 367 933 0 10 0 10
 65535 5 224 946 224 946 224 946 315 946 315 946 315 946 0 10 0 10
 65535 5 328 959 328 959 328 959 328 959 237 959 237 959 0 10 0 10
 65535 5 250 933 250 933 250 933 354 933 354 933 354 933 0 10 0 10
 65535 5 276 972 276 972 276 986 612 986 612 829 588 829 0 10 0 10
 65280 5 237 933 112 933 112 1039 679 1039 679 972 679 972 0 10 0 10
 255 5 224 829 224 829 224 796 770 796 770 829 770 829 0 10 0 10
 0 5 1004 1024 1004 1024 1087 1024 1087 1024 1087 958 1087 958 0 10 0 12
 65280 5 237 829 237 829 237 805 1279 805 1279 965 1262 965 0 10 0 12
 65280 5 315 972 315 972 315 996 666 996 666 972 666 972 0 10 0 10
 65280 5 341 946 341 946 341 868 341 868 328 868 328 868 0 10 0 10
 16711680 5 354 959 354 959 354 959 627 959 627 959 627 959 0 10 0 10
 16711680 5 367 972 367 972 367 980 640 980 640 972 640 972 0 10 0 10
 16711680 5 380 933 380 933 383 933 383 868 380 868 380 868 0 10 0 10
 16711935 5 341 829 341 835 408 835 408 933 419 933 419 933 0 10 0 10
 16711935 5 341 842 341 842 300 842 300 1010 900 1010 900 972 0 10 0 10
 16711935 5 354 829 354 829 354 819 640 819 640 829 640 829 0 10 0 10
 16711935 5 367 855 367 855 367 855 432 855 432 855 432 855 0 10 0 10
 16711935 5 367 868 367 868 367 890 913 890 913 868 913 868 0 10 0 10
 16711935 5 393 868 393 868 393 897 679 897 679 868 679 868 0 10 0 10
 16711935 5 432 933 432 933 432 913 904 913 904 868 900 868 0 10 0 10
 16711935 5 445 933 445 933 445 926 523 926 523 933 523 933 0 10 0 10
 16711935 5 458 933 458 933 458 938 653 938 653 933 653 933 0 10 0 10
 16776960 5 471 946 471 946 466 946 466 868 458 868 458 868 0 10 0 10
 16776960 5 484 946 484 946 490 946 490 874 471 874 471 868 0 10 0 10
 16776960 5 445 855 445 855 438 855 438 964 887 964 887 972 0 10 0 10
 16776960 5 484 868 484 881 571 881 571 933 575 933 575 933 0 10 0 10
 16776960 5 484 855 484 855 484 858 549 858 549 855 549 855 0 10 0 10
 16776960 5 497 829 497 829 497 765 1037 765 1037 965 1122 965 0 10 0 12
 33023 5 536 829 536 829 536 815 705 815 705 829 705 829 0 10 0 10
 33023 5 549 868 549 868 549 868 588 868 588 868 588 868 0 10 0 10
 33023 5 562 829 562 829 562 786 854 786 854 933 848 933 0 10 0 10
 33023 5 575 842 575 842 575 842 666 842 666 842 666 842 0 10 0 10
 33023 5 601 829 601 829 601 772 861 772 861 829 861 829 0 10 0 10
 8421504 5 281 1131 281 1131 281 972 281 972 263 972 263 972 0 11 0 10
 8388863 5 653 868 653 868 653 861 692 861 692 868 692 868 0 10 0 10
 8388863 5 536 972 536 972 536 992 692 992 692 972 692 972 0 10 0 10
 8388863 5 549 946 549 946 549 946 562 946 562 946 562 946 0 10 0 10
 0 5 588 972 588 972 588 1071 1142 1071 1142 965 1142 965 0 10 0 12
 65535 5 744 842 744 842 744 842 900 842 900 842 900 842 0 10 0 10
 65535 5 887 959 887 959 757 959 757 959 757 855 757 855 0 10 0 10
 255 5 770 855 770 855 770 991 1242 991 1242 965 1242 965 0 10 0 12
 255 5 848 829 848 829 848 829 848 777 848 777 848 777 0 10 0 10
 255 5 887 829 887 829 887 829 887 777 887 777 887 777 0 10 0 10
 255 5 874 972 874 972 874 972 874 1011 874 1011 874 1011 0 10 0 10
 255 5 1004 1011 1004 1011 1007 1011 1007 777 1004 777 1004 777 0 10 0 10
 255 5 835 972 835 972 835 972 835 1011 835 1011 835 1011 0 10 0 10
 16711808 5 861 933 861 933 861 868 861 868 874 868 874 868 0 10 0 10
 16711808 5 1327 351 1327 351 1333 351 1333 816 874 816 874 829 0 8 0 10
 255 5 1101 438 1101 438 1212 438 1212 438 1212 439 1212 439 0 7 0 13
 65793 5 1101 685 1101 685 1212 685 1212 685 1212 686 1212 686 0 7 0 13
 8421504 5 598 218 598 218 598 202 989 202 989 299 989 299 0 3 0 8
 8421504 5 650 218 650 218 650 222 1002 222 1002 299 1002 299 0 3 0 8
 8421504 5 702 218 702 218 702 227 1015 227 1015 299 1015 299 0 3 0 8
 8421504 5 754 218 754 218 754 221 1028 221 1028 299 1028 299 0 3 0 8
 8421504 5 806 231 806 231 1041 231 1041 231 1041 299 1041 299 0 3 0 8
 65535 5 989 312 989 312 980 312 980 595 1186 595 1186 595 0 8 0 13
 65535 5 1002 312 1002 312 999 312 999 608 1199 608 1199 608 0 8 0 13
 65280 5 1186 621 1186 621 1165 621 1165 530 1238 530 1238 530 0 13 0 13
 65280 5 1186 634 1186 634 1186 643 1394 643 1394 634 1394 634 0 13 0 13
 65280 5 1199 595 1190 595 1190 194 1366 194 1366 208 1366 208 0 13 0 8
 255 5 1340 156 1340 156 1340 156 1340 208 1340 208 1340 208 0 8 0 8
 255 5 1431 208 1431 208 1431 208 1431 156 1431 156 1431 156 0 8 0 8
 255 5 1522 208 1522 208 1522 208 1522 156 1522 156 1522 156 0 8 0 8
 255 5 1626 208 1626 208 1626 208 1626 156 1626 156 1626 156 0 8 0 8
 255 5 1186 491 1186 491 1186 476 1225 476 1225 439 1225 439 0 13 0 13
 255 5 1290 491 1290 491 1293 491 1293 439 1290 439 1290 439 0 13 0 13
 255 5 1394 491 1394 491 1394 491 1394 439 1394 439 1394 439 0 13 0 13
 255 5 1498 491 1498 491 1498 491 1498 439 1498 439 1498 439 0 13 0 13
 255 5 1602 491 1602 491 1602 491 1602 439 1602 439 1602 439 0 13 0 13
 255 5 1706 491 1706 491 1706 491 1706 439 1706 439 1706 439 0 13 0 13
 255 5 1810 491 1810 491 1810 491 1810 439 1810 439 1810 439 0 13 0 13
 0 5 1418 351 1418 351 1418 351 1418 403 1418 403 1418 403 0 8 0 8
 0 5 1509 351 1509 351 1509 351 1509 403 1509 403 1509 403 0 8 0 8
 0 5 1613 351 1613 351 1613 351 1613 403 1613 403 1613 403 0 8 0 8
 0 5 1717 351 1717 351 1717 351 1717 403 1717 403 1717 403 0 8 0 8
 0 5 1264 634 1264 634 1264 634 1264 686 1264 686 1264 686 0 13 0 13
 0 5 1368 634 1368 634 1368 634 1368 686 1368 686 1368 686 0 13 0 13
 0 5 1472 634 1472 634 1472 634 1472 686 1472 686 1472 686 0 13 0 13
 0 5 1576 634 1576 634 1576 634 1576 686 1576 686 1576 686 0 13 0 13
 0 5 1680 634 1680 634 1680 634 1680 686 1680 686 1680 686 0 13 0 13
 0 5 1784 634 1784 634 1784 634 1784 686 1784 686 1784 686 0 13 0 13
 0 5 1888 634 1888 634 1888 634 1888 686 1888 686 1888 686 0 13 0 13
 0 5 1992 634 1992 634 1979 634 1979 634 1979 686 1979 686 0 13 0 13
 255 5 1914 439 1914 439 1914 439 1914 491 1914 491 1914 491 0 13 0 13
 255 5 1212 595 1212 595 1212 517 1212 517 1199 517 1199 517 0 13 0 13
 255 5 1212 608 1212 608 1212 608 1212 608 1225 608 1225 608 0 13 0 13
 255 5 1212 621 1212 621 1212 621 1290 621 1290 621 1290 621 0 13 0 13
 65535 5 1875 491 1881 491 1881 658 1238 658 1238 634 1238 634 0 13 0 13
 33023 5 1251 608 1251 608 1479 608 1479 247 1496 247 1496 247 0 13 0 8
 33023 5 1212 491 1212 491 1212 478 1641 478 1641 491 1641 491 0 13 0 13
 33023 5 1212 504 1212 504 1438 504 1438 595 1446 595 1446 595 0 13 0 13
 65535 5 1225 491 1225 491 1225 486 1303 486 1303 491 1303 491 0 13 0 13
 65535 5 1238 491 1238 497 1306 497 1306 247 1353 247 1353 247 0 13 0 8
 65535 5 1251 491 1251 491 1251 372 1012 372 1012 312 1015 312 0 13 0 8
 65535 5 1303 595 1303 595 1277 595 1277 530 1264 530 1264 530 0 13 0 13
 16776960 5 1316 595 1311 595 1311 368 1626 368 1626 351 1626 351 0 13 0 8
 16776960 5 1316 491 1316 491 1316 487 1472 487 1472 491 1472 491 0 13 0 13
 16776960 5 1329 517 1329 517 1329 523 1355 523 1355 517 1355 517 0 13 0 13
 16776960 5 1342 517 1342 517 1342 497 1680 497 1680 504 1680 504 0 13 0 13
 16711935 5 1368 491 1368 491 1368 361 1522 361 1522 351 1522 351 0 13 0 8
 65535 5 1407 634 1407 634 1407 643 1667 643 1667 634 1667 634 0 13 0 13
 65535 5 1420 634 1420 634 1420 648 1615 648 1615 634 1615 634 0 13 0 13
 65535 5 1433 634 1433 634 1433 666 1641 666 1641 634 1641 634 0 13 0 13
 65535 5 1459 595 1459 595 1459 589 1498 589 1498 595 1498 595 0 13 0 13
 4227327 5 1431 351 1431 351 1431 355 1420 355 1420 491 1420 491 0 8 0 13
 4227327 5 1602 595 1602 595 1602 582 1433 582 1433 491 1433 491 0 13 0 13
 4227327 5 1446 530 1446 530 1446 578 1654 578 1654 595 1654 595 0 13 0 13
 4227327 5 1459 491 1459 491 1459 470 1732 470 1732 491 1732 491 0 13 0 13
 16711680 5 1511 634 1511 634 1511 675 1771 675 1771 634 1771 634 0 13 0 13
 16711680 5 1524 595 1518 595 1518 188 1418 188 1418 208 1418 208 0 13 0 8
 16711680 5 1537 595 1537 595 1537 640 1732 640 1732 595 1732 595 0 13 0 13
 16711680 5 1550 595 1550 595 1550 574 1745 574 1745 530 1745 530 0 13 0 13
 16711680 5 1511 491 1511 491 1511 463 1784 463 1784 491 1784 491 0 13 0 13
 16711680 5 1667 491 1667 491 1667 501 1524 501 1524 491 1524 491 0 13 0 13
 16711680 5 1537 491 1537 491 1537 508 1771 508 1771 504 1771 504 0 13 0 13
 16711680 5 1537 517 1537 517 1537 523 1888 523 1888 517 1888 517 0 13 0 13
 16711680 5 1550 530 1550 530 1550 554 1875 554 1875 595 1875 595 0 13 0 13
 16776960 5 1563 530 1563 530 1563 540 1836 540 1836 530 1836 530 0 13 0 13
 16776960 5 1576 530 1576 530 1576 530 1615 530 1615 530 1615 530 0 13 0 13
 255 5 1186 608 1164 608 1164 691 1599 691 1599 608 1602 608 0 13 0 13
 255 5 1602 621 1602 629 1895 629 1895 539 1849 539 1849 530 0 13 0 13
 255 5 1615 595 1615 595 1615 588 1810 588 1810 595 1810 595 0 13 0 13
 255 5 1615 621 1608 621 1608 652 1914 652 1914 634 1914 634 0 13 0 13
 255 5 1628 634 1628 634 1628 647 1824 647 1824 634 1823 634 0 13 0 13
 255 5 1628 621 1623 621 1623 671 1927 671 1927 634 1927 634 0 13 0 13
 65280 5 1641 595 1641 595 1641 548 1862 548 1862 530 1862 530 0 13 0 13
 65280 5 1654 634 1654 634 1654 664 1966 664 1966 634 1966 634 0 13 0 13
 65280 5 1251 517 1245 517 1245 616 1654 616 1654 621 1654 621 0 13 0 13
 65280 5 1654 608 1654 608 1685 608 1685 197 1405 197 1405 208 0 13 0 8
 65280 5 1667 621 1667 622 1909 622 1909 530 1875 530 1875 530 0 13 0 13
 65280 5 1667 595 1667 600 1899 600 1899 536 1927 536 1927 530 0 13 0 13
 65535 5 1641 530 1641 530 1641 545 1833 545 1833 595 1836 595 0 13 0 13
 65535 5 1641 517 1641 517 1641 517 1732 517 1732 517 1732 517 0 13 0 13
 65535 5 1979 504 1979 504 1979 495 1641 495 1641 504 1641 504 0 13 0 13
 65535 5 1654 530 1654 530 1699 530 1699 608 1719 608 1719 608 0 13 0 13
 65535 5 1719 634 1719 634 1719 643 1758 643 1758 634 1758 634 0 13 0 13
 65535 5 1745 608 1745 608 1804 608 1804 517 1836 517 1836 517 0 13 0 13
 65535 5 1706 595 1706 557 1905 557 1905 517 1940 517 1940 517 0 13 0 13
 65535 5 1758 595 1758 595 1754 595 1754 530 1758 530 1758 530 0 13 0 13
 65535 5 1719 491 1719 491 1719 480 1888 480 1888 491 1888 491 0 13 0 13
 16776960 5 1810 608 1810 608 1810 613 1849 613 1849 608 1849 608 0 13 0 13
 16776960 5 1823 608 1818 608 1818 708 1199 708 1199 621 1199 621 0 13 0 13
 16776960 5 1823 595 1823 595 1823 587 1862 587 1862 595 1862 595 0 13 0 13
 65535 5 1028 312 1028 312 1028 716 1836 716 1836 634 1836 634 0 8 0 13
 65535 5 1251 530 1251 530 1251 536 1823 536 1823 530 1823 530 0 13 0 13
 65535 5 1862 491 1862 491 1862 468 1959 468 1959 595 1953 595 0 13 0 13
 65535 5 1953 530 1953 530 1946 530 1946 595 1940 595 1940 595 0 13 0 13
 65535 5 1966 530 1966 530 1966 530 1966 595 1966 595 1966 595 0 13 0 13
 65535 5 1992 504 1992 504 1992 380 1470 380 1470 351 1470 351 0 13 0 8
 65535 5 1914 621 1914 621 1914 617 1940 617 1940 621 1940 621 0 13 0 13
 65535 5 1979 595 1997 595 1997 408 1444 408 1444 351 1444 351 0 13 0 8
 4227327 5 1392 208 1392 208 1392 208 1392 156 1392 156 1392 156 0 8 0 8
 4227327 5 1483 234 1483 234 1466 234 1466 338 1496 338 1496 338 0 8 0 8
 4227327 5 1509 247 1509 247 1509 325 1509 325 1535 325 1535 325 0 8 0 8
 4227327 5 1457 312 1457 312 1457 303 1483 303 1483 312 1483 312 0 8 0 8
 4227327 5 1628 491 1628 491 1628 367 1704 367 1704 351 1704 351 0 13 0 8
 4227327 5 1407 517 1407 517 1407 454 1654 454 1654 491 1654 491 0 13 0 13
 4227327 5 1041 312 1035 312 1035 293 1600 293 1600 312 1600 312 0 8 0 8
 4227327 5 1639 403 1639 403 1639 403 1639 351 1639 351 1639 351 0 8 0 8
 4227327 5 1678 390 1678 390 1678 390 1678 351 1678 351 1678 351 0 8 0 8
 4227327 5 1691 403 1691 403 1691 403 1691 351 1691 351 1691 351 0 8 0 8
 32768 5 1639 234 1639 234 1698 234 1698 1180 1445 1180 1445 1180 0 8 0 15
 32768 5 1458 1180 1458 1180 1697 1180 1697 208 1652 208 1652 208 0 15 0 8
 32768 5 1665 208 1665 208 1665 181 1345 181 1345 1180 1380 1180 0 8 0 15
 32768 5 1393 1180 1346 1180 1346 174 1678 174 1678 208 1678 208 0 15 0 8
 32768 5 1406 1180 1346 1180 1346 167 1691 167 1691 208 1691 208 0 15 0 8
 32768 5 1419 1180 1350 1180 1350 162 1704 162 1704 208 1704 208 0 15 0 8
 32768 5 1717 208 1717 208 1717 148 1355 148 1355 1180 1432 1180 0 8 0 15
 16711680 5 1535 208 1535 208 1694 208 1694 1180 1549 1180 1549 1180 0 8 0 15
 16711680 5 1548 221 1548 221 1692 221 1692 1180 1562 1180 1562 1180 0 8 0 15
 16711680 5 1561 208 1561 208 1690 208 1690 1180 1484 1180 1484 1180 0 8 0 15
 16711680 5 1574 208 1574 208 1689 208 1689 1180 1497 1180 1497 1180 0 8 0 15
 16711680 5 1587 208 1587 208 1689 208 1689 1180 1510 1180 1510 1180 0 8 0 15
 16711680 5 1600 208 1600 208 1690 208 1690 1180 1523 1180 1523 1180 0 8 0 15
 16711680 5 1613 208 1613 208 1701 208 1701 1180 1536 1180 1536 1180 0 8 0 15
 16711808 5 540 7 540 7 1327 7 1327 7 1327 338 1327 338 0 2 0 8
 255 5 928 1234 928 1234 545 1234 545 1048 926 1048 926 1011 0 16 0 10
 255 5 915 1234 915 1234 915 1234 1044 1234 1044 1234 1044 1234 0 16 0 17
 65793 5 1044 1481 1044 1481 1044 1481 915 1481 915 1481 915 1481 0 17 0 16
 65793 5 213 1429 213 1429 213 1429 213 1481 213 1481 213 1481 0 16 0 16
 65793 5 512 1429 512 1429 512 1429 512 1481 512 1481 512 1481 0 16 0 16
 65793 5 603 1429 603 1429 603 1429 603 1481 603 1481 603 1481 0 16 0 16
 65793 5 694 1429 694 1429 694 1429 694 1481 694 1481 694 1481 0 16 0 16
 65793 5 785 1429 785 1429 785 1429 785 1481 785 1481 785 1481 0 16 0 16
 65793 5 902 1481 902 1481 902 1481 902 1429 902 1429 902 1429 0 16 0 16
 65793 5 1109 1481 1109 1481 1109 1481 1109 1429 1109 1429 1109 1429 0 17 0 17
 255 5 434 1286 434 1286 434 1286 434 1234 434 1234 434 1234 0 16 0 16
 255 5 525 1286 525 1286 523 1286 523 1234 525 1234 525 1234 0 16 0 16
 255 5 616 1286 616 1286 616 1286 616 1234 616 1234 616 1234 0 16 0 16
 255 5 707 1286 707 1286 707 1286 707 1234 707 1234 707 1234 0 16 0 16
 255 5 811 1286 811 1286 811 1286 811 1234 811 1234 811 1234 0 16 0 16
 255 5 1018 1286 1018 1286 1018 1234 1018 1234 1057 1234 1057 1234 0 17 0 17
 255 5 161 1468 161 1468 91 1468 91 1234 174 1234 174 1234 0 16 0 16
 255 5 187 1429 187 1429 187 1429 187 1468 187 1468 187 1468 0 16 0 16
 16776960 5 239 1286 239 1286 239 1262 538 1262 538 1286 538 1286 0 16 0 16
 16776960 5 252 1325 252 1325 252 1382 525 1382 525 1390 525 1390 0 16 0 16
 0 5 265 1286 265 1286 265 1286 265 1247 265 1247 265 1247 0 16 0 16
 0 5 161 1481 161 1481 68 1481 68 1247 161 1247 161 1247 0 16 0 16
 0 5 369 1286 369 1286 369 1286 369 1247 369 1247 369 1247 0 16 0 16
 65535 5 291 1286 291 1286 291 1271 681 1271 681 1286 681 1286 0 16 0 16
 65535 5 304 1299 304 1299 304 1376 538 1376 538 1390 538 1390 0 16 0 16
 65535 5 330 1390 330 1390 330 1393 395 1393 395 1390 395 1390 0 16 0 16
 65535 5 343 1403 343 1403 343 1404 421 1404 421 1403 421 1403 0 16 0 16
 65535 5 226 1390 226 1390 226 1394 291 1394 291 1390 291 1390 0 16 0 16
 65535 5 239 1403 239 1403 239 1409 317 1409 317 1403 317 1403 0 16 0 16
 65535 5 642 1429 642 1429 642 1442 226 1442 226 1429 226 1429 0 16 0 16
 65535 5 252 1468 252 1468 252 1468 252 1429 252 1429 252 1429 0 16 0 16
 65535 5 265 1429 265 1429 265 1429 265 1481 265 1481 265 1481 0 16 0 16
 65535 5 278 1468 278 1468 278 1468 278 1429 278 1429 278 1429 0 16 0 16
 65535 5 291 1429 291 1429 291 1435 330 1435 330 1429 330 1429 0 16 0 16
 65535 5 304 1429 304 1429 304 1429 304 1468 304 1468 304 1468 0 16 0 16
 65535 5 317 1416 317 1416 317 1416 343 1416 343 1416 343 1416 0 16 0 16
 33023 5 356 1429 356 1429 356 1429 356 1468 356 1468 356 1468 0 16 0 16
 33023 5 382 1429 382 1429 382 1429 382 1468 382 1468 382 1468 0 16 0 16
 33023 5 408 1429 408 1429 408 1429 408 1468 408 1468 408 1468 0 16 0 16
 33023 5 447 1416 447 1416 447 1425 421 1425 421 1416 421 1416 0 16 0 16
 33023 5 369 1429 369 1429 369 1339 330 1339 330 1325 330 1325 0 16 0 16
 33023 5 330 1312 330 1312 330 1303 408 1303 408 1312 408 1312 0 16 0 16
 33023 5 343 1299 343 1299 343 1308 590 1308 590 1299 590 1299 0 16 0 16
 33023 5 356 1286 356 1293 573 1293 573 1390 577 1390 577 1390 0 16 0 16
 33023 5 382 1286 382 1286 382 1286 382 1234 382 1234 382 1234 0 16 0 16
 33023 5 733 1286 733 1286 733 1222 395 1222 395 1286 395 1286 0 16 0 16
 33023 5 408 1325 408 1325 564 1325 564 1325 564 1390 564 1390 0 16 0 16
 33023 5 421 1286 421 1286 421 1286 421 1234 421 1234 421 1234 0 16 0 16
 12615680 5 460 1416 460 1416 460 1426 590 1426 590 1416 590 1416 0 16 0 16
 12615680 5 629 1416 629 1416 629 1411 473 1411 473 1416 473 1416 0 16 0 16
 12615680 5 486 1429 486 1429 486 1437 889 1437 889 1429 889 1429 0 16 0 16
 12615680 5 486 1390 486 1390 486 1343 603 1343 603 1325 603 1325 0 16 0 16
 12615680 5 499 1403 499 1403 499 1408 655 1408 655 1403 655 1403 0 16 0 16
 12615680 5 538 1299 538 1299 538 1285 642 1285 642 1299 642 1299 0 16 0 16
 12615680 5 551 1312 551 1312 551 1403 551 1403 538 1403 538 1403 0 16 0 16
 12615680 5 408 1299 402 1299 402 1242 577 1242 577 1299 577 1299 0 16 0 16
 12615680 5 668 1390 674 1390 674 1261 590 1261 590 1286 590 1286 0 16 0 16
 16711935 5 578 33 578 33 65 33 65 33 65 283 65 283 0 2 0 3
 16711935 5 65 296 65 296 5 296 5 790 237 790 237 790 0 3 0 10
 16711935 5 250 790 250 790 8 790 8 1499 616 1499 616 1429 0 10 0 16
 16711935 5 655 1390 655 1390 655 1345 629 1345 629 1325 629 1325 0 16 0 16
 16711935 5 681 1429 681 1429 681 1452 1018 1452 1018 1429 1018 1429 0 16 0 17
 16711935 5 629 1299 629 1299 629 1289 668 1289 668 1299 668 1299 0 16 0 16
 16711935 5 655 1325 655 1347 1107 1347 1107 1367 1083 1367 1083 1390 0 16 0 17
 16711935 5 668 1312 668 1312 668 1312 720 1312 720 1312 720 1312 0 16 0 16
 16711935 5 694 1325 694 1332 1000 1332 1000 1390 1031 1390 1031 1390 0 16 0 17
 16711935 5 746 1312 746 1312 746 1372 1096 1372 1096 1390 1096 1390 0 16 0 17
 0 5 811 1481 811 1481 811 1481 811 1429 811 1429 811 1429 0 16 0 16
 0 5 811 1416 811 1416 811 1416 824 1416 824 1416 824 1416 0 16 0 16
 0 5 876 1416 876 1416 876 1416 902 1416 902 1416 902 1416 0 16 0 16
 0 5 263 1024 263 1024 55 1024 55 1247 174 1247 174 1247 0 10 0 16
 255 5 836 1104 836 1104 836 1011 836 1011 848 1011 848 1011 0 18 0 10
 16776960 5 824 1286 824 1286 824 1274 922 1274 922 1200 922 1200 0 16 0 18
 16776960 5 837 1286 837 1286 837 1277 935 1277 935 1200 935 1200 0 16 0 18
 16776960 5 850 1286 850 1286 850 1200 850 1200 857 1200 857 1200 0 16 0 18
 16776960 5 863 1286 863 1286 863 1212 870 1212 870 1200 870 1200 0 16 0 18
 16776960 5 876 1286 876 1286 876 1224 883 1224 883 1200 883 1200 0 16 0 18
 16776960 5 889 1286 889 1286 889 1232 896 1232 896 1200 896 1200 0 16 0 18
 16776960 5 902 1286 902 1286 902 1239 909 1239 909 1200 909 1200 0 16 0 18
 16776960 5 1031 1286 1031 1286 1031 1200 1031 1200 1026 1200 1026 1200 0 17 0 18
 16776960 5 1044 1286 1044 1286 1044 1200 1044 1200 1039 1200 1039 1200 0 17 0 18
 16776960 5 961 1200 961 1200 961 1286 961 1286 1057 1286 1057 1286 0 18 0 17
 16776960 5 1070 1286 1070 1286 974 1286 974 1286 974 1200 974 1200 0 17 0 18
 16776960 5 1083 1286 1083 1286 987 1286 987 1286 987 1200 987 1200 0 17 0 18
 16776960 5 1096 1286 1096 1286 1000 1286 1000 1286 1000 1200 1000 1200 0 17 0 18
 16776960 5 1109 1286 1109 1286 1013 1286 1013 1286 1013 1200 1013 1200 0 17 0 18
 8421504 5 260 231 260 245 228 245 228 623 113 623 113 632 0 3 0 19
 8421504 5 113 645 113 645 113 1157 113 1157 281 1157 281 1157 0 19 0 11
 12615680 5 434 1403 434 1489 25 1489 25 1055 281 1055 281 1144 0 16 0 11
 255 5 1122 1286 1122 1286 1122 1286 1122 1234 1122 1234 1122 1234 0 17 0 17
 0 5 1200 1429 1200 1429 1200 1429 1200 1481 1200 1481 1200 1481 0 17 0 17
 12615680 5 590 1403 590 1403 590 1397 1122 1397 1122 1403 1122 1403 0 16 0 17
 8388863 5 262 1144 262 1077 43 1077 43 1475 1135 1475 1135 1403 0 11 0 17
 8388863 5 653 855 653 855 653 852 100 852 100 684 100 684 0 10 0 19
 8388863 5 247 335 247 335 247 617 100 617 100 632 100 632 0 3 0 19
 8388863 5 321 607 314 607 314 759 991 759 991 868 991 868 0 7 0 10
 8388863 5 991 881 991 881 1318 881 1318 1408 1174 1408 1174 1416 0 10 0 17
 8388863 5 1148 1416 1148 1416 1148 1416 1161 1416 1161 1416 1161 1416 0 17 0 17
 8388863 5 653 829 653 829 1300 829 1300 1390 1187 1390 1187 1390 0 10 0 17
 8388863 5 1563 608 1563 608 1563 808 250 808 250 829 250 829 0 13 0 10
 8388863 5 1587 351 1587 351 1587 703 263 703 263 829 263 829 0 8 0 10
 0 5 928 1247 928 1247 928 1247 1044 1247 1044 1247 1044 1247 0 16 0 17
 255 5 1265 1234 1265 1234 1265 1200 1265 1200 1247 1200 1247 1200 0 17 0 18
 0 5 1252 1247 1252 1247 1252 1200 1252 1200 1234 1200 1234 1200 0 17 0 18
 0 5 1239 1247 1239 1247 1239 1200 1239 1200 1221 1200 1221 1200 0 17 0 18
 0 5 1226 1247 1226 1247 1226 1200 1226 1200 1208 1200 1208 1200 0 17 0 18
 255 5 770 868 770 868 770 876 1330 876 1330 1286 1330 1286 0 10 0 17
 255 5 1330 1299 1330 1299 1169 1299 1169 1299 1169 1200 1169 1200 0 17 0 18
 255 5 1330 1312 1330 1312 1182 1312 1182 1312 1182 1200 1182 1200 0 17 0 18
 255 5 1330 1325 1330 1325 1195 1325 1195 1325 1195 1200 1195 1200 0 17 0 18
 65535 5 497 842 497 842 497 845 35 845 35 684 35 684 0 10 0 19
 0 5 588 946 588 946 588 1027 48 1027 48 684 48 684 0 10 0 19
 65535 5 221 335 221 416 183 416 183 597 35 597 35 632 0 3 0 19
 0 5 130 335 130 335 130 613 48 613 48 632 48 632 0 3 0 19
 255 5 1369 1234 1369 1234 1369 1084 1369 1084 1359 1084 1359 1084 0 17 0 15
 16711680 5 226 1299 226 1299 226 1299 278 1299 278 1299 278 1299 0 16 0 16
 16711680 5 317 1312 317 1312 317 1312 278 1312 278 1312 278 1312 0 16 0 16
 8454143 5 447 1286 447 1286 447 1430 733 1430 733 1429 733 1429 0 16 0 16
 8454143 5 460 1286 460 1286 460 1419 746 1419 746 1416 746 1416 0 16 0 16
 8454143 5 590 1325 590 1325 590 1381 720 1381 720 1390 720 1390 0 16 0 16
 8454143 5 681 1299 681 1299 707 1299 707 1299 707 1390 707 1390 0 16 0 16
 8454143 5 525 1403 525 1403 525 1458 759 1458 759 1416 759 1416 0 16 0 16
 0 5 226 1312 226 1312 226 1213 785 1213 785 1286 785 1286 0 16 0 16
 0 5 408 1286 408 1286 408 1228 772 1228 772 1286 772 1286 0 16 0 16
 0 5 759 1286 750 1286 750 1467 577 1467 577 1403 577 1403 0 16 0 16
 8454143 5 772 1416 772 1416 772 1312 772 1312 1135 1312 1135 1312 0 16 0 17
 8454143 5 1036 529 1036 529 1036 607 1036 607 724 607 724 607 0 7 0 7
 4227327 5 1161 1286 1161 1286 1161 1015 1202 1015 1202 965 1202 965 0 17 0 12
 4227327 5 989 325 989 325 989 208 989 208 1158 208 1158 208 0 8 0 8
 4227327 5 1041 325 1041 325 1041 216 1184 216 1184 221 1184 221 0 8 0 8
 4227327 5 1171 234 1171 234 1171 231 1093 231 1093 234 1093 234 0 8 0 8
 4227327 5 1106 247 1106 247 1106 244 1197 244 1197 247 1197 247 0 8 0 8
 4227327 5 1119 247 1119 247 1115 247 1115 351 1002 351 1002 351 0 8 0 8
 4227327 5 1132 247 1132 247 1132 312 1132 312 1080 312 1080 312 0 8 0 8
 4227327 5 1002 325 1002 325 1002 325 1093 325 1093 325 1093 325 0 8 0 8
 4227327 5 1015 338 1015 338 1015 338 1106 338 1106 338 1106 338 0 8 0 8
 4227327 5 1017 933 1017 933 1382 933 1382 933 1382 1299 1382 1299 0 10 0 17
 4227327 5 1148 1325 1148 1325 1148 1330 1382 1330 1382 1325 1382 1325 0 17 0 17
 4227327 5 1119 325 1119 325 883 325 883 325 883 56 883 56 0 8 0 5
 4227327 5 1119 351 1119 351 1119 920 1119 920 1017 920 1017 920 0 8 0 10
47
 7011 1 14 124 244 5 0 0 0 3
 7004 1 14 215 244 5 0 0 0 3
 7032 1 14 397 244 5 0 0 0 3
 7008 1 14 306 244 5 0 0 0 3
 7076 1 16 787 244 5 0 0 0 3
 7076 1 16 579 244 5 0 0 0 3
 7076 1 16 683 244 5 0 0 0 3
 7008 1 14 488 244 5 0 0 0 3
 7008 1 14 328 542 5 0 0 0 7
 7032 1 14 419 542 5 0 0 0 7
 7008 1 14 510 542 5 0 0 0 7
 7032 1 14 601 542 5 0 0 0 7
 7030 1 14 783 542 5 0 0 0 7
 7004 1 14 692 542 5 0 0 0 7
 7030 1 14 874 542 5 0 0 0 7
 7074 1 14 1230 260 5 0 0 0 8
 7020 1 14 965 542 5 0 0 0 7
 7011 1 14 1048 260 5 0 0 0 8
 7004 1 14 1139 260 5 0 0 0 8
 7004 1 14 205 881 5 0 0 0 10
 7008 1 14 309 881 5 0 0 0 10
 7008 1 14 413 881 5 0 0 0 10
 7008 1 14 517 881 5 0 0 0 10
 7032 1 14 621 881 5 0 0 0 10
 7008 1 14 725 881 5 0 0 0 10
 7074 1 14 829 881 5 0 0 0 10
 7008 1 14 1180 543 5 0 0 0 13
 7032 1 14 1284 543 5 0 0 0 13
 7011 1 14 1388 543 5 0 0 0 13
 7027 1 14 1492 543 5 0 0 0 13
 7004 1 14 1596 543 5 0 0 0 13
 7008 1 14 1700 543 5 0 0 0 13
 7011 1 14 1804 543 5 0 0 0 13
 7011 1 14 1908 543 5 0 0 0 13
 7021 1 14 1334 260 5 0 0 0 8
 7047 1 16 1620 260 5 0 0 0 8
 7047 1 16 1516 260 5 0 0 0 8
 7032 1 14 1425 260 5 0 0 0 8
 7076 1 16 220 1338 5 0 0 0 16
 7076 1 16 324 1338 5 0 0 0 16
 7004 1 14 428 1338 5 0 0 0 16
 7021 1 14 519 1338 5 0 0 0 16
 7008 1 14 610 1338 5 0 0 0 16
 7008 1 14 701 1338 5 0 0 0 16
 7047 1 16 805 1338 5 0 0 0 16
 7047 1 16 1012 1338 5 0 0 0 17
 7032 1 14 1116 1338 5 0 0 0 17
